10 5  0 5 3 1 6 3 2 7 3 3 8 3 4 9 3
10 7  0 5 3 1 6 3 2 7 3 3 8 2 3 9 1 4 8 1 4 9 2
10 8  0 5 3 1 6 3 2 7 2 2 8 1 3 7 1 3 9 2 4 8 2 4 9 1
10 9  0 5 3 1 6 3 2 7 1 2 8 1 2 9 1 3 7 2 3 9 1 4 8 2 4 9 1
10 11  0 5 3 1 6 3 2 7 1 2 8 1 2 9 1 3 7 1 3 8 1 3 9 1 4 7 1 4 8 1 4 9 1
10 9  0 5 3 1 6 2 1 7 1 2 6 1 2 7 2 3 8 2 3 9 1 4 8 1 4 9 2
10 9  0 5 3 1 6 2 1 7 1 2 6 1 2 8 2 3 7 2 3 9 1 4 8 1 4 9 2
10 10  0 5 3 1 6 1 1 7 1 1 9 1 2 6 2 2 8 1 3 7 2 3 9 1 4 8 2 4 9 1
10 11  0 5 3 1 6 1 1 8 1 1 9 1 2 6 2 2 8 1 3 7 1 3 8 1 3 9 1 4 7 2 4 9 1
10 12  0 5 3 1 6 1 1 7 1 1 9 1 2 6 2 2 8 1 3 7 1 3 8 1 3 9 1 4 7 1 4 8 1 4 9 1
10 13  0 5 3 1 6 1 1 7 1 1 8 1 2 6 1 2 7 1 2 9 1 3 6 1 3 8 1 3 9 1 4 7 1 4 8 1 4 9 1
10 10  0 5 2 0 6 1 1 5 1 1 6 2 2 7 2 2 8 1 3 7 1 3 9 2 4 8 2 4 9 1
10 11  0 5 2 0 6 1 1 5 1 1 6 2 2 7 1 2 8 1 2 9 1 3 7 2 3 9 1 4 8 2 4 9 1
10 13  0 5 2 0 6 1 1 5 1 1 6 2 2 7 1 2 8 1 2 9 1 3 7 1 3 8 1 3 9 1 4 7 1 4 8 1 4 9 1
10 10  0 5 2 0 6 1 1 5 1 1 7 2 2 6 2 2 8 1 3 7 1 3 9 2 4 8 2 4 9 1
10 11  0 5 1 0 6 1 0 9 1 1 5 2 1 7 1 2 6 2 2 8 1 3 7 2 3 9 1 4 8 2 4 9 1
10 11  0 5 2 0 6 1 1 5 1 1 7 1 1 9 1 2 6 2 2 8 1 3 7 2 3 9 1 4 8 2 4 9 1
10 12  0 5 1 0 6 1 0 9 1 1 5 2 1 8 1 2 6 2 2 8 1 3 7 1 3 8 1 3 9 1 4 7 2 4 9 1
10 12  0 5 1 0 6 1 0 9 1 1 5 2 1 8 1 2 6 2 2 9 1 3 7 1 3 8 1 3 9 1 4 7 2 4 8 1
10 12  0 5 2 0 6 1 1 5 1 1 8 1 1 9 1 2 6 2 2 9 1 3 7 1 3 8 1 3 9 1 4 7 2 4 8 1
10 13  0 5 2 0 6 1 1 5 1 1 7 1 1 9 1 2 6 2 2 8 1 3 7 1 3 8 1 3 9 1 4 7 1 4 8 1 4 9 1
10 13  0 5 1 0 7 1 0 9 1 1 5 2 1 7 1 2 6 1 2 8 1 2 9 1 3 6 2 3 8 1 4 7 1 4 8 1 4 9 1
10 13  0 5 1 0 7 1 0 9 1 1 5 2 1 8 1 2 6 1 2 7 1 2 9 1 3 6 2 3 8 1 4 7 1 4 8 1 4 9 1
10 13  0 5 2 0 7 1 1 5 1 1 8 1 1 9 1 2 6 1 2 7 1 2 9 1 3 6 2 3 8 1 4 7 1 4 8 1 4 9 1
10 14  0 5 1 0 7 1 0 9 1 1 5 2 1 8 1 2 6 1 2 7 1 2 8 1 3 6 1 3 7 1 3 9 1 4 6 1 4 8 1 4 9 1
10 14  0 5 1 0 8 1 0 9 1 1 5 2 1 8 1 2 6 1 2 7 1 2 8 1 3 6 1 3 7 1 3 9 1 4 6 1 4 7 1 4 9 1
10 15  0 5 1 0 6 1 0 7 1 1 5 1 1 6 1 1 7 1 2 5 1 2 8 1 2 9 1 3 6 1 3 8 1 3 9 1 4 7 1 4 8 1 4 9 1
10 15  0 5 1 0 6 1 0 7 1 1 5 1 1 7 1 1 8 1 2 5 1 2 8 1 2 9 1 3 6 1 3 7 1 3 9 1 4 6 1 4 8 1 4 9 1
10 9  0 4 1 0 8 1 0 9 1 1 5 2 1 9 1 2 6 3 3 7 3 4 8 2 5 9 1
10 9  0 4 1 0 8 1 0 9 1 1 5 3 2 6 3 3 7 3 4 8 1 4 9 1 8 9 1
10 10  0 4 2 0 8 1 1 5 2 1 8 1 2 6 2 2 8 1 3 7 3 4 9 1 5 9 1 6 9 1
10 10  0 4 2 0 8 1 1 5 2 1 8 1 2 6 2 2 9 1 3 7 3 4 8 1 5 9 1 6 9 1
10 10  0 4 1 0 7 1 0 9 1 1 5 3 2 6 3 3 7 1 3 8 1 3 9 1 4 8 2 7 9 1
10 11  0 4 2 0 7 1 1 5 2 1 8 1 2 6 2 2 8 1 3 7 2 3 8 1 4 9 1 5 9 1 6 9 1
10 11  0 4 1 0 7 1 0 8 1 1 5 3 2 6 3 3 7 1 3 8 1 3 9 1 4 8 1 4 9 1 7 9 1
10 11  0 4 1 0 7 2 1 5 2 1 8 1 2 6 3 3 7 1 3 8 1 3 9 1 4 8 1 4 9 1 5 9 1
10 11  0 4 2 0 7 1 1 5 2 1 8 1 2 6 2 2 8 1 3 7 2 3 9 1 4 9 1 5 8 1 6 9 1
10 11  0 4 2 0 7 1 1 5 2 1 8 1 2 6 2 2 9 1 3 7 2 3 8 1 4 9 1 5 8 1 6 9 1
10 10  0 4 1 0 7 1 0 9 1 1 5 2 1 8 1 2 6 3 3 8 2 3 9 1 4 7 2 5 9 1
10 12  0 4 1 0 6 2 1 5 2 1 7 1 2 6 1 2 8 1 2 9 1 3 7 2 3 8 1 4 8 1 4 9 1 5 9 1
10 11  0 4 1 0 6 1 0 9 1 1 5 3 2 6 1 2 7 1 2 9 1 3 7 2 3 8 1 4 8 2 6 9 1
10 11  0 4 1 0 6 1 0 9 1 1 5 3 2 6 1 2 7 2 3 7 1 3 8 1 3 9 1 4 8 2 6 9 1
10 12  0 4 1 0 6 1 0 8 1 1 5 3 2 6 1 2 7 1 2 9 1 3 7 2 3 8 1 4 8 1 4 9 1 6 9 1
10 12  0 4 1 0 6 1 0 8 1 1 5 3 2 6 1 2 7 2 3 7 1 3 8 1 3 9 1 4 8 1 4 9 1 6 9 1
10 12  0 4 1 0 6 2 1 5 2 1 8 1 2 6 1 2 7 1 2 9 1 3 7 2 3 8 1 4 8 1 4 9 1 5 9 1
10 12  0 4 2 0 6 1 1 5 2 1 8 1 2 6 1 2 7 1 2 9 1 3 7 2 3 8 1 4 8 1 5 9 1 6 9 1
10 12  0 4 2 0 6 1 1 5 2 1 8 1 2 6 1 2 7 1 2 9 1 3 7 2 3 8 1 4 9 1 5 8 1 6 9 1
10 12  0 4 2 0 6 1 1 5 2 1 8 1 2 6 1 2 7 2 3 7 1 3 8 1 3 9 1 4 9 1 5 8 1 6 9 1
10 11  0 4 1 0 6 1 0 9 1 1 5 2 1 8 1 2 6 2 2 7 1 3 8 2 3 9 1 4 7 2 5 9 1
10 13  0 4 1 0 6 1 0 7 1 1 5 3 2 6 1 2 7 1 2 8 1 3 7 1 3 8 1 3 9 1 4 8 1 4 9 1 6 9 1
10 13  0 4 1 0 6 2 1 5 2 1 7 1 2 6 1 2 7 1 2 9 1 3 7 1 3 8 1 3 9 1 4 8 1 4 9 1 5 8 1
10 13  0 4 1 0 6 2 1 5 2 1 8 1 2 6 1 2 7 1 2 9 1 3 7 1 3 8 1 3 9 1 4 7 1 4 9 1 5 8 1
10 13  0 4 1 0 6 1 0 7 1 1 5 3 2 6 1 2 8 1 2 9 1 3 7 1 3 8 1 3 9 1 4 8 1 4 9 1 6 7 1
10 12  0 4 1 0 8 1 0 9 1 1 5 3 2 6 1 2 7 1 2 8 1 3 6 1 3 7 2 4 8 1 4 9 1 6 9 1
10 12  0 4 2 0 8 1 1 5 3 2 6 1 2 7 1 2 8 1 3 6 1 3 7 1 3 9 1 4 8 1 6 9 1 7 9 1
10 13  0 4 1 0 7 1 0 9 1 1 5 2 1 7 1 2 6 1 2 7 1 2 9 1 3 6 2 3 8 1 4 8 1 4 9 1 5 8 1
10 13  0 4 1 0 7 1 0 9 1 1 5 2 1 8 1 2 6 1 2 7 1 2 9 1 3 6 2 3 7 1 4 8 1 4 9 1 5 8 1
10 13  0 4 2 0 7 1 1 5 1 1 8 1 1 9 1 2 6 1 2 7 1 2 9 1 3 6 2 3 7 1 4 8 1 5 8 1 5 9 1
10 13  0 4 2 0 7 1 1 5 2 1 8 1 2 6 1 2 7 1 2 9 1 3 6 1 3 7 1 3 9 1 4 8 1 5 8 1 6 9 1
10 13  0 4 1 0 7 1 0 9 1 1 5 2 1 8 1 2 6 2 2 7 1 3 6 1 3 8 1 3 9 1 4 7 1 4 9 1 5 8 1
10 13  0 4 1 0 7 1 0 9 1 1 5 3 2 6 1 2 7 1 2 8 1 3 6 1 3 8 1 3 9 1 4 8 1 4 9 1 6 7 1
10 13  0 4 1 0 8 1 0 9 1 1 5 3 2 6 1 2 7 1 2 8 1 3 6 1 3 7 1 3 9 1 4 8 1 4 9 1 6 7 1
10 11  0 4 1 0 6 1 0 9 1 1 5 2 1 7 1 2 7 2 2 8 1 3 8 2 3 9 1 4 6 2 5 9 1
10 11  0 4 1 0 6 1 0 9 1 1 5 2 1 9 1 2 7 2 2 8 1 3 7 1 3 8 2 4 6 2 5 9 1
10 11  0 4 1 0 6 1 0 9 1 1 5 3 2 7 2 2 8 1 3 7 1 3 8 2 4 6 1 4 9 1 6 9 1
10 11  0 4 1 0 6 1 0 9 1 1 5 3 2 7 1 2 8 1 2 9 1 3 7 1 3 8 2 4 6 2 7 9 1
10 12  0 4 1 0 6 1 0 9 1 1 5 2 1 8 1 2 7 1 2 8 1 2 9 1 3 7 2 3 9 1 4 6 2 5 8 1
10 14  0 4 1 0 6 1 0 7 1 1 5 2 1 7 1 2 6 1 2 8 1 2 9 1 3 6 1 3 8 1 3 9 1 4 8 1 4 9 1 5 7 1
10 12  0 4 1 0 5 1 0 9 1 1 5 1 1 6 1 1 9 1 2 6 2 2 7 1 3 7 2 3 8 1 4 8 2 5 9 1
10 12  0 4 1 0 5 1 0 9 1 1 5 1 1 6 2 2 6 1 2 7 1 2 9 1 3 7 2 3 8 1 4 8 2 5 9 1
10 12  0 4 1 0 5 1 0 9 1 1 5 2 1 6 1 2 6 1 2 7 2 3 7 1 3 8 1 3 9 1 4 8 2 6 9 1
10 13  0 4 1 0 5 1 0 8 1 1 5 1 1 6 1 1 9 1 2 6 2 2 7 1 3 7 2 3 8 1 4 8 1 4 9 1 5 9 1
10 13  0 4 1 0 5 1 0 8 1 1 5 1 1 6 2 2 6 1 2 7 2 3 7 1 3 8 1 3 9 1 4 8 1 4 9 1 5 9 1
10 13  0 4 1 0 5 1 0 8 1 1 5 2 1 6 1 2 6 1 2 7 1 2 9 1 3 7 2 3 8 1 4 8 1 4 9 1 6 9 1
10 13  0 4 1 0 5 2 1 5 1 1 6 1 1 8 1 2 6 1 2 7 1 2 9 1 3 7 2 3 8 1 4 8 1 4 9 1 6 9 1
10 13  0 4 1 0 5 2 1 5 1 1 6 1 1 8 1 2 6 1 2 7 2 3 7 1 3 8 1 3 9 1 4 8 1 4 9 1 6 9 1
10 13  0 4 2 0 5 1 1 5 1 1 6 1 1 8 1 2 6 1 2 7 1 2 9 1 3 7 2 3 8 1 4 8 1 5 9 1 6 9 1
10 14  0 4 1 0 5 1 0 7 1 1 5 1 1 7 1 1 8 1 2 6 1 2 7 1 2 9 1 3 6 2 3 8 1 4 8 1 4 9 1 5 9 1
10 14  0 4 1 0 5 1 0 7 1 1 5 1 1 7 1 1 8 1 2 6 2 2 7 1 3 6 1 3 8 1 3 9 1 4 8 1 4 9 1 5 9 1
10 14  0 4 1 0 5 2 1 5 1 1 7 1 1 9 1 2 6 1 2 7 1 2 8 1 3 6 1 3 7 1 3 8 1 4 8 1 4 9 1 6 9 1
10 14  0 4 1 0 5 1 0 7 1 1 5 1 1 7 1 1 8 1 2 6 1 2 8 1 2 9 1 3 6 2 3 8 1 4 7 1 4 9 1 5 9 1
10 14  0 4 1 0 5 1 0 7 1 1 5 1 1 7 1 1 9 1 2 6 1 2 8 1 2 9 1 3 6 2 3 8 1 4 7 1 4 8 1 5 9 1
10 14  0 4 1 0 5 1 0 7 1 1 5 1 1 8 1 1 9 1 2 6 2 2 7 1 3 6 1 3 8 1 3 9 1 4 8 1 4 9 1 5 7 1
10 14  0 4 1 0 5 1 0 9 1 1 5 2 1 7 1 2 6 1 2 7 1 2 8 1 3 6 1 3 8 1 3 9 1 4 8 1 4 9 1 6 7 1
10 14  0 4 1 0 5 2 1 5 1 1 7 1 1 9 1 2 6 1 2 7 1 2 8 1 3 6 1 3 8 1 3 9 1 4 8 1 4 9 1 6 7 1
10 14  0 4 1 0 5 2 1 5 1 1 8 1 1 9 1 2 6 1 2 7 1 2 8 1 3 6 1 3 7 1 3 9 1 4 8 1 4 9 1 6 7 1
10 12  0 4 1 0 5 1 0 9 1 1 5 1 1 6 1 1 9 1 2 7 2 2 8 1 3 7 1 3 8 2 4 6 2 5 9 1
10 12  0 4 1 0 5 1 0 9 1 1 5 2 1 6 1 2 7 1 2 8 1 2 9 1 3 7 1 3 8 2 4 6 2 7 9 1
10 15  0 4 1 0 5 1 0 6 1 1 5 1 1 6 1 1 7 1 2 6 1 2 7 1 2 8 1 3 7 1 3 8 1 3 9 1 4 8 1 4 9 1 5 9 1
10 15  0 4 1 0 5 1 0 6 1 1 5 1 1 6 1 1 9 1 2 7 1 2 8 1 2 9 1 3 7 1 3 8 1 3 9 1 4 7 1 4 8 1 5 6 1
10 13  0 4 1 0 7 1 0 8 1 1 5 1 1 6 1 1 9 1 2 5 1 2 6 2 3 7 2 3 8 1 4 8 1 4 9 1 5 9 1
10 13  0 4 1 0 7 1 0 8 1 1 5 2 1 6 1 2 5 1 2 6 2 3 7 1 3 8 1 3 9 1 4 8 1 4 9 1 7 9 1
10 13  0 4 1 0 7 1 0 9 1 1 5 1 1 6 1 1 8 1 2 5 1 2 6 2 3 7 2 3 8 1 4 8 1 4 9 1 5 9 1
10 13  0 4 1 0 7 2 1 5 1 1 6 1 1 8 1 2 5 1 2 6 2 3 7 1 3 8 1 3 9 1 4 8 1 4 9 1 5 9 1
10 13  0 4 2 0 7 1 1 5 1 1 6 1 1 8 1 2 5 1 2 6 1 2 9 1 3 7 2 3 8 1 4 8 1 5 9 1 6 9 1
10 14  0 4 1 0 7 1 0 8 1 1 5 1 1 6 1 1 9 1 2 5 1 2 6 2 3 7 1 3 8 1 3 9 1 4 7 1 4 8 1 5 9 1
10 14  0 4 1 0 7 1 0 9 1 1 5 1 1 6 2 2 5 1 2 7 1 2 8 1 3 6 1 3 7 1 3 8 1 4 8 1 4 9 1 5 9 1
10 14  0 4 1 0 7 1 0 8 1 1 5 1 1 6 2 2 5 1 2 7 1 2 8 1 3 6 1 3 8 1 3 9 1 4 7 1 4 9 1 5 9 1
10 14  0 4 1 0 7 1 0 8 1 1 5 1 1 6 1 1 9 1 2 5 1 2 7 1 2 9 1 3 6 2 3 8 1 4 7 1 4 8 1 5 9 1
10 14  0 4 1 0 7 1 0 8 1 1 5 1 1 6 2 2 5 1 2 7 1 2 9 1 3 6 1 3 8 1 3 9 1 4 7 1 4 8 1 5 9 1
10 14  0 4 1 0 7 1 0 9 1 1 5 1 1 6 1 1 9 1 2 5 1 2 7 1 2 8 1 3 6 2 3 8 1 4 8 1 4 9 1 5 7 1
10 14  0 4 1 0 7 1 0 9 1 1 5 1 1 6 2 2 5 1 2 7 1 2 8 1 3 6 1 3 8 1 3 9 1 4 8 1 4 9 1 5 7 1
10 14  0 4 2 0 8 1 1 5 1 1 6 1 1 8 1 2 5 1 2 7 1 2 9 1 3 6 1 3 7 1 3 9 1 4 8 1 5 7 1 6 9 1
10 14  0 4 2 0 8 1 1 5 1 1 6 1 1 9 1 2 5 1 2 7 1 2 9 1 3 6 1 3 7 1 3 9 1 4 8 1 5 7 1 6 8 1
10 15  0 4 1 0 7 1 0 8 1 1 5 1 1 6 1 1 7 1 2 5 1 2 6 1 2 7 1 3 6 1 3 8 1 3 9 1 4 8 1 4 9 1 5 9 1
10 15  0 4 1 0 6 1 0 7 1 1 5 1 1 7 1 1 8 1 2 5 1 2 8 1 2 9 1 3 6 1 3 7 1 3 8 1 4 6 1 4 9 1 5 9 1
10 15  0 4 1 0 6 1 0 7 1 1 5 1 1 8 1 1 9 1 2 5 1 2 8 1 2 9 1 3 6 1 3 7 1 3 8 1 4 6 1 4 7 1 5 9 1
10 15  0 4 1 0 7 1 0 9 1 1 5 1 1 6 1 1 7 1 2 5 1 2 6 1 2 8 1 3 7 1 3 8 1 3 9 1 4 8 1 4 9 1 5 6 1
10 15  0 4 1 0 6 1 0 7 1 1 5 1 1 7 1 1 8 1 2 5 1 2 8 1 2 9 1 3 6 1 3 7 1 3 9 1 4 8 1 4 9 1 5 6 1
10 15  0 4 1 0 6 1 0 7 1 1 5 1 1 7 1 1 8 1 2 5 1 2 8 1 2 9 1 3 6 1 3 8 1 3 9 1 4 7 1 4 9 1 5 6 1
10 15  0 4 1 0 7 1 0 8 1 1 5 1 1 6 1 1 7 1 2 5 1 2 8 1 2 9 1 3 6 1 3 8 1 3 9 1 4 7 1 4 9 1 5 6 1
10 15  0 4 1 0 6 1 0 7 1 1 5 1 1 7 1 1 8 1 2 5 1 2 8 1 2 9 1 3 7 1 3 8 1 3 9 1 4 6 1 4 9 1 5 6 1
10 12  0 4 1 0 5 1 0 9 1 1 6 2 1 7 1 2 6 1 2 8 2 3 7 2 3 8 1 4 5 1 4 9 1 5 9 1
10 12  0 4 1 0 5 1 0 9 1 1 6 1 1 7 1 1 9 1 2 6 1 2 8 2 3 7 2 3 8 1 4 5 2 6 9 1
10 12  0 4 1 0 5 1 0 9 1 1 6 1 1 7 2 2 6 1 2 8 2 3 7 1 3 8 1 3 9 1 4 5 2 6 9 1
10 13  0 4 1 0 5 1 0 8 1 1 6 1 1 7 1 1 9 1 2 6 2 2 8 1 3 7 2 3 8 1 4 5 1 4 9 1 5 9 1
10 13  0 4 1 0 5 1 0 8 1 1 6 2 1 7 1 2 6 1 2 8 1 2 9 1 3 7 2 3 8 1 4 5 1 4 9 1 5 9 1
10 13  0 4 1 0 5 1 0 8 1 1 6 1 1 7 2 2 6 1 2 8 1 2 9 1 3 7 1 3 8 1 3 9 1 4 5 2 6 9 1
10 13  0 4 1 0 5 1 0 9 1 1 6 1 1 7 1 1 8 1 2 6 2 2 8 1 3 7 2 3 8 1 4 5 1 4 9 1 5 9 1
10 14  0 4 1 0 5 1 0 7 1 1 6 1 1 8 1 1 9 1 2 6 2 2 8 1 3 7 1 3 8 1 3 9 1 4 5 1 4 7 1 5 9 1
10 15  0 4 1 0 5 1 0 6 1 1 7 1 1 8 1 1 9 1 2 7 1 2 8 1 2 9 1 3 7 1 3 8 1 3 9 1 4 5 1 4 6 1 5 6 1
10 12  0 3 1 0 6 1 0 9 1 1 4 1 1 7 1 1 9 1 2 5 1 2 8 1 2 9 1 3 6 2 4 7 2 5 8 2
10 13  0 3 1 0 6 1 0 8 1 1 4 1 1 7 1 1 9 1 2 5 1 2 8 1 2 9 1 3 6 2 4 7 2 5 8 1 5 9 1
10 13  0 3 1 0 6 1 0 8 1 1 4 1 1 7 1 1 9 1 2 5 2 2 8 1 3 6 2 4 7 1 4 9 1 5 8 1 7 9 1
10 13  0 3 1 0 6 1 0 8 1 1 4 1 1 7 1 1 9 1 2 5 3 3 6 1 3 8 1 4 7 1 4 9 1 6 8 1 7 9 1
10 14  0 3 1 0 6 1 0 7 1 1 4 1 1 7 1 1 8 1 2 5 1 2 8 1 2 9 1 3 6 2 4 7 1 4 9 1 5 8 1 5 9 1
10 15  0 3 1 0 6 1 0 8 1 1 4 1 1 6 1 1 7 1 2 5 1 2 6 1 2 7 1 3 7 1 3 9 1 4 8 1 4 9 1 5 8 1 5 9 1
10 15  0 3 1 0 6 1 0 9 1 1 4 1 1 6 1 1 8 1 2 5 1 2 6 1 2 7 1 3 7 1 3 8 1 4 7 1 4 9 1 5 8 1 5 9 1
10 15  0 3 1 0 6 1 0 7 1 1 4 1 1 6 1 1 7 1 2 5 1 2 7 1 2 8 1 3 6 1 3 9 1 4 8 1 4 9 1 5 8 1 5 9 1
10 15  0 3 1 0 6 1 0 7 1 1 4 1 1 6 1 1 8 1 2 5 1 2 7 1 2 9 1 3 6 1 3 9 1 4 7 1 4 8 1 5 8 1 5 9 1
10 15  0 3 1 0 6 1 0 7 1 1 4 1 1 6 1 1 9 1 2 5 1 2 7 1 2 9 1 3 6 1 3 8 1 4 7 1 4 8 1 5 8 1 5 9 1
10 14  0 3 1 0 5 1 0 8 1 1 4 1 1 6 1 1 9 1 2 6 1 2 7 1 2 9 1 3 5 1 3 8 1 4 7 2 5 8 1 6 9 1
10 15  0 3 1 0 5 1 0 7 1 1 4 1 1 6 1 1 9 1 2 6 1 2 7 1 2 8 1 3 5 1 3 7 1 4 8 1 4 9 1 5 8 1 6 9 1
10 15  0 3 1 0 5 1 0 7 1 1 4 1 1 6 1 1 9 1 2 6 1 2 7 1 2 8 1 3 5 1 3 7 1 4 8 1 4 9 1 5 9 1 6 8 1
10 15  0 3 1 0 5 1 0 7 1 1 4 1 1 6 1 1 8 1 2 6 1 2 8 1 2 9 1 3 5 1 3 7 1 4 8 1 4 9 1 5 7 1 6 9 1
